Executing query from: queries/yellow_distribution.sql
Database: analysis.db
================================================================================

+--------+--------+----------------------+--------------+
| grid_x | grid_y | yellow_frequency_pct | total_frames |
+--------+--------+----------------------+--------------+
| 8      | 9      | 79.2                 | 11854        |
| 9      | 9      | 77.1                 | 11854        |
| 0      | 8      | 72.6                 | 11854        |
| 1      | 8      | 72.4                 | 11854        |
| 1      | 9      | 70.8                 | 11854        |
| 9      | 0      | 48.3                 | 11854        |
| 4      | 4      | 44.3                 | 11854        |
| 5      | 4      | 43.4                 | 11854        |
| 9      | 1      | 43.2                 | 11854        |
| 4      | 5      | 41.7                 | 11854        |
+--------+--------+----------------------+--------------+

10 row(s) returned.

